1.240627157460806776e-11
1.177775402856486082e-10
2.917218636059719387e-10
5.240745084263442655e-10
7.779966811143689305e-10
1.028590870878598170e-09
1.212853995181666974e-09
1.670212206284914616e-09
1.768422913774116925e-09
1.950054673789719934e-09
2.058932082769069616e-09
1.869690070589804679e-09
1.625461283036399501e-09
1.285098993191732938e-09
9.971820445082952794e-10
7.155873576232670468e-10
4.793921245563044461e-10
1.993415904154048370e-10
7.448632845296938256e-11
1.475088225237752050e-10
