1.145243259000000000e+15
1.145243311631579000e+15
1.145243364263158000e+15
1.145243416894736750e+15
1.145243469526315750e+15
1.145243522157894750e+15
1.145243574789473750e+15
1.145243627421052750e+15
1.145243680052631500e+15
1.145243732684210500e+15
1.145243785315789500e+15
1.145243837947368500e+15
1.145243890578947250e+15
1.145243943210526250e+15
1.145243995842105250e+15
1.145244048473684250e+15
1.145244101105263250e+15
1.145244153736842000e+15
1.145244206368421000e+15
1.145244259000000000e+15
